RESULTS TABLE
------------------------------------------------------------
Enroll       | Threshold    | Acc          | FRR          | FAR         
-----------------------------------------------------------------------------------------------
1            | 0.50         | 71.43        | 28.57        | 0.00        
1            | 0.65         | 28.57        | 71.43        | 0.00        
1            | 0.70         | 28.57        | 71.43        | 0.00        
1            | 0.75         | 7.14         | 92.86        | 0.00        
1            | 0.85         | 0.00         | 100.00       | 0.00        
3            | 0.50         | 100.00       | 0.00         | 100.00      
3            | 0.65         | 78.57        | 21.43        | 100.00      
3            | 0.70         | 50.00        | 50.00        | 100.00      
3            | 0.75         | 28.57        | 71.43        | 0.00        
3            | 0.85         | 7.14         | 92.86        | 0.00        
5            | 0.50         | 100.00       | 0.00         | 100.00      
5            | 0.65         | 92.86        | 7.14         | 100.00      
5            | 0.70         | 71.43        | 28.57        | 100.00      
5            | 0.75         | 42.86        | 57.14        | 0.00        
5            | 0.85         | 7.14         | 92.86        | 0.00        
Optimal threshold: 0.50
Optimal number of enrollment images: 1.00